,time,minDis,avgDis,objects
0,1009.239215,4.266444792650692,inf,9
1,1025.411653,0.9926799991361559,inf,10
2,1003.175888,0.9853685733575099,inf,11
3,1012.791827,0.9853685733575099,inf,10
4,1114.575698,10.78256766307641,inf,9
5,989.501979,9.397358795967536,inf,5
6,990.114973,8.955088206906098,inf,6
7,951.09194,8.592910839405363,inf,4
8,970.703874,4.745678767523889,inf,5
9,990.317769,0.9775638315110066,inf,3
10,1000.915993,inf,inf,1
11,994.459992,11.229959279901637,11.229959279901637,1
12,985.552185,9.098727955964925,inf,2
13,995.096395,6.754956981124684,6.754956981124684,1
14,992.353445,5.2479991317583305,inf,2
15,981.916532,3.9426529019634153,inf,3
16,982.963753,inf,inf,2
17,983.225432,inf,inf,1
18,998.409761,inf,inf,2
19,1006.605238,0.9551631921764859,0.9551631921764859,1
20,995.961088,7.519652996681901,inf,4
21,995.611991,15.573640343569311,inf,3
22,988.148875,11.974594107099643,inf,5
23,1005.07861,43.073854498784605,inf,4
24,986.550186,43.156472100232655,inf,4
25,961.050244,43.36509917217299,inf,5
26,988.89204,28.999460386442973,205.666984219171,3
27,984.334023,29.147952660516466,inf,4
28,989.676591,22.028822670744717,197.76865540120804,3
29,945.565579,22.013440873733632,inf,5
30,983.058681,0.9813417715282018,inf,5
