0.5749170630500001 -11.707402011200001 41.809486378403065 199 210 157
0.6794474381500001 -11.707402011200001 41.809486378403065 212 222 164
0.78397781325 -11.707402011200001 41.809486378403065 247 253 219
0.8885081883500001 -11.707402011200001 41.809486378403065 234 241 206
0.9930385634500001 -11.707402011200001 41.809486378403065 248 252 227
0.5749170630500001 -11.6028716361 41.809486378403065 211 226 162
0.6794474381500001 -11.6028716361 41.809486378403065 226 237 169
0.78397781325 -11.6028716361 41.809486378403065 250 254 216
0.8885081883500001 -11.6028716361 41.809486378403065 222 228 190
0.9930385634500001 -11.6028716361 41.809486378403065 228 231 188
0.5749170630500001 -11.498341261000002 41.809486378403065 209 221 160
0.6794474381500001 -11.498341261000002 41.809486378403065 221 230 165
0.78397781325 -11.498341261000002 41.809486378403065 239 242 196
0.8885081883500001 -11.498341261000002 41.809486378403065 216 219 173
0.9930385634500001 -11.498341261000002 41.809486378403065 211 207 144
0.5749170630500001 -11.3938108859 41.809486378403065 213 222 165
0.6794474381500001 -11.3938108859 41.809486378403065 214 220 158
0.78397781325 -11.3938108859 41.809486378403065 216 218 164
0.8885081883500001 -11.3938108859 41.809486378403065 204 206 153
0.9930385634500001 -11.3938108859 41.809486378403065 217 208 127
0.5749170630500001 -11.289280510800001 41.809486378403065 213 219 167
0.6794474381500001 -11.289280510800001 41.809486378403065 234 238 183
0.78397781325 -11.289280510800001 41.809486378403065 197 195 135
0.8885081883500001 -11.289280510800001 41.809486378403065 195 192 132
0.9930385634500001 -11.289280510800001 41.809486378403065 227 228 135
